depth	min	max	median	mean
0	-63	-34	-49	-49
1	-52	43	-24	-19
2	-47	134	-1	11
3	-44	225	23	40
4	-41	317	47	70
5	-39	407	71	100
6	-20	430	101	130
7	-9	469	133	160
8	-1	520	163	190
9	7	582	192	220
10	13	649	218	250
11	36	682	250	281
12	54	721	283	311
13	68	769	313	342
14	80	820	345	373
15	90	883	373	403
16	119	907	404	434
17	140	942	436	465
18	156	986	470	495
19	171	1029	499	526
20	183	1086	531	557
21	213	1116	561	588
22	235	1155	593	619
23	252	1195	625	650
24	266	1242	655	681
25	276	1296	685	712
26	312	1329	716	743
27	336	1372	745	773
28	357	1415	776	804
29	373	1464	806	835
30	388	1512	836	866
31	418	1542	868	897
32	439	1568	900	928
33	458	1607	930	959
34	480	1653	962	991
35	496	1703	991	1022
36	530	1733	1023	1053
37	559	1771	1059	1083
38	581	1804	1091	1114
39	599	1847	1120	1145
40	616	1891	1149	1176
41	646	1920	1179	1207
42	672	1950	1212	1238
43	692	1985	1246	1269
44	709	2017	1278	1300
45	725	2059	1312	1331
46	749	2087	1340	1360
47	775	2118	1371	1390
48	799	2149	1399	1419
49	820	2194	1429	1449
50	839	2232	1460	1478
51	867	2267	1488	1509
52	895	2297	1519	1540
53	917	2334	1550	1571
54	939	2375	1581	1602
55	958	2418	1611	1633
56	991	2444	1642	1665
57	1016	2471	1672	1696
58	1041	2511	1706	1728
59	1064	2548	1739	1759
60	1083	2588	1771	1791
61	1116	2620	1803	1821
62	1146	2645	1833	1852
63	1175	2679	1865	1882
64	1198	2714	1894	1913
65	1219	2758	1922	1943
66	1246	2779	1954	1974
67	1275	2817	1987	2005
68	1302	2848	2018	2035
69	1325	2885	2051	2066
70	1345	2924	2082	2097
71	1373	2953	2113	2128
72	1404	2983	2145	2160
73	1432	3014	2175	2191
74	1455	3047	2204	2223
75	1475	3096	2236	2254
76	1507	3122	2268	2285
77	1536	3154	2299	2316
78	1561	3184	2331	2347
79	1583	3221	2362	2378
80	1606	3267	2393	2409
81	1644	3291	2424	2440
82	1672	3318	2457	2471
83	1698	3350	2490	2502
84	1717	3398	2524	2532
85	1739	3430	2554	2563
86	1772	3457	2587	2594
87	1798	3491	2617	2625
88	1825	3525	2650	2656
89	1847	3555	2680	2686
90	1874	3598	2712	2717
91	1901	3622	2742	2747
92	1935	3645	2774	2777
93	1956	3675	2804	2807
94	1979	3710	2832	2837
95	1996	3748	2862	2868
96	2027	3777	2892	2897
97	2057	3806	2925	2927
98	2080	3833	2954	2957
99	2100	3867	2983	2987
100	2121	3901	3014	3016
101	2152	3931	3047	3047
102	2183	3969	3079	3077
103	2205	4002	3110	3107
104	2229	4035	3139	3138
105	2257	4075	3168	3168
106	2286	4099	3197	3198
107	2318	4127	3229	3229
108	2343	4163	3257	3259
109	2371	4202	3286	3289
110	2393	4237	3317	3319
111	2425	4265	3349	3351
112	2457	4298	3380	3382
113	2487	4323	3414	3413
114	2514	4357	3446	3444
115	2537	4393	3476	3475
116	2572	4417	3507	3505
117	2593	4444	3539	3536
118	2620	4476	3569	3566
119	2637	4502	3599	3597
120	2663	4544	3631	3627
121	2697	4569	3664	3658
122	2729	4591	3696	3689
123	2761	4629	3728	3720
124	2788	4661	3760	3751
125	2811	4697	3792	3783
126	2841	4725	3824	3813
127	2872	4757	3855	3844
127.00002	2872	4757	3855	3844
128	2872	4757	3855	3844
129	2872	4757	3855	3844
130	2872	4757	3855	3844
131	2872	4757	3855	3844
132	2872	4757	3855	3844
133	2872	4757	3855	3844
134	2872	4757	3855	3844
135	2872	4757	3855	3844
136	2872	4757	3855	3844
137	2872	4757	3855	3844
138	2872	4757	3855	3844
139	2872	4757	3855	3844
140	2872	4757	3855	3844
141	2872	4757	3855	3844
142	2872	4757	3855	3844
143	2872	4757	3855	3844
144	2872	4757	3855	3844
145	2872	4757	3855	3844
146	2872	4757	3855	3844
147	2872	4757	3855	3844
148	2872	4757	3855	3844
149	2872	4757	3855	3844
150	2872	4757	3855	3844
151	2872	4757	3855	3844
152	2872	4757	3855	3844
153	2872	4757	3855	3844
154	2872	4757	3855	3844
155	2872	4757	3855	3844
156	2872	4757	3855	3844
157	2872	4757	3855	3844
158	2872	4757	3855	3844
159	2872	4757	3855	3844
160	2872	4757	3855	3844
161	2872	4757	3855	3844
162	2872	4757	3855	3844
163	2872	4757	3855	3844
164	2872	4757	3855	3844
165	2872	4757	3855	3844
166	2872	4757	3855	3844
167	2872	4757	3855	3844
168	2872	4757	3855	3844
169	2872	4757	3855	3844
170	2872	4757	3855	3844
171	2872	4757	3855	3844
172	2872	4757	3855	3844
173	2872	4757	3855	3844
174	2872	4757	3855	3844
175	2872	4757	3855	3844
176	2872	4757	3855	3844
177	2872	4757	3855	3844
177.00002	2872	4757	3855	3844
178	2893	4789	3885	3875
179	2918	4821	3917	3905
180	2935	4844	3950	3936
181	2967	4868	3980	3967
182	2999	4892	4010	3997
183	3030	4921	4041	4028
184	3052	4951	4076	4058
185	3074	4986	4107	4089
186	3111	5008	4137	4120
187	3138	5035	4173	4151
188	3162	5064	4206	4182
189	3186	5102	4237	4213
190	3205	5136	4266	4244
191	3236	5160	4298	4275
192	3269	5181	4332	4306
193	3307	5205	4361	4337
194	3329	5234	4392	4368
195	3362	5273	4426	4399
196	3391	5296	4457	4430
197	3420	5322	4489	4460
198	3442	5351	4518	4491
199	3472	5380	4549	4521
200	3500	5413	4580	4552
201	3535	5432	4616	4583
202	3554	5459	4647	4613
203	3591	5493	4680	4644
204	3614	5525	4714	4675
205	3644	5558	4746	4706
206	3680	5581	4773	4737
207	3715	5607	4802	4768
208	3741	5636	4836	4799
209	3769	5670	4868	4829
210	3797	5703	4899	4860
211	3832	5728	4930	4891
212	3862	5751	4962	4921
213	3891	5776	4991	4951
214	3922	5805	5020	4982
215	3946	5842	5050	5012
216	3999	5858	5084	5042
217	4022	5882	5117	5073
218	4050	5910	5149	5103
219	4074	5937	5179	5134
220	4097	5972	5210	5164
221	4140	5996	5239	5195
222	4163	6023	5270	5225
223	4193	6048	5299	5256
224	4220	6085	5332	5287
225	4247	6118	5361	5317
226	4286	6140	5391	5348
227	4310	6164	5422	5378
228	4342	6189	5454	5408
229	4364	6218	5485	5439
230	4384	6248	5516	5469
231	4430	6268	5546	5500
232	4465	6292	5578	5530
233	4492	6319	5607	5560
234	4518	6352	5638	5590
235	4550	6389	5668	5621
236	4583	6403	5700	5651
237	4602	6430	5732	5682
238	4625	6461	5764	5713
239	4642	6490	5797	5743
240	4688	6525	5828	5774
241	4721	6544	5859	5804
242	4740	6572	5891	5835
243	4773	6592	5923	5866
244	4799	6618	5956	5896
245	4818	6650	5986	5927
246	4844	6672	6019	5957
247	4876	6692	6047	5987
248	4912	6716	6080	6018
249	4937	6740	6110	6048
250	4954	6777	6140	6078
251	4996	6793	6173	6109
252	5023	6814	6202	6140
253	5067	6836	6232	6171
254	5095	6863	6265	6203
255	5129	6901	6296	6234
256	5166	6918	6327	6264
257	5194	6937	6358	6295
258	5226	6961	6390	6326
259	5265	6989	6422	6357
260	5303	7017	6455	6387
261	5327	7035	6485	6418
262	5351	7054	6515	6449
263	5393	7077	6547	6479
264	5425	7102	6580	6510
265	5460	7137	6611	6540
266	5489	7154	6640	6571
267	5526	7170	6674	6602
268	5561	7190	6708	6632
269	5574	7213	6744	6663
270	5597	7243	6776	6694
271	5627	7259	6807	6725
272	5674	7275	6837	6755
273	5701	7297	6869	6786
274	5729	7323	6901	6817
275	5767	7352	6931	6848
276	5797	7365	6964	6878
277	5831	7379	6996	6908
278	5870	7400	7029	6938
279	5889	7421	7061	6968
280	5917	7449	7091	6998
281	5942	7461	7124	7028
282	5975	7475	7156	7058
283	6003	7494	7188	7089
284	6033	7517	7220	7119
285	6067	7542	7251	7149
286	6107	7553	7282	7180
287	6131	7570	7313	7211
288	6160	7589	7347	7242
289	6183	7609	7383	7273
290	6215	7637	7420	7304
