depth	min	max	median	mean
0	-80	-53	-67	-67
1	-74	-30	-57	-56
2	-71	2	-48	-45
3	-69	34	-40	-34
4	-67	67	-31	-22
5	-65	100	-22	-11
6	-58	112	-10	0
7	-53	127	2	11
8	-50	144	14	23
9	-47	165	25	34
10	-44	190	36	45
11	-35	201	46	57
12	-28	216	59	68
13	-23	226	70	79
14	-19	246	82	90
15	-15	266	93	101
16	-4	274	104	113
17	3	287	116	124
18	10	299	128	136
19	15	316	140	147
20	19	339	153	159
21	31	348	164	170
22	38	359	175	182
23	45	375	187	193
24	51	389	199	205
25	58	408	210	216
26	71	417	222	228
27	79	426	234	239
28	88	437	245	250
29	94	452	256	262
30	100	471	268	273
31	111	481	279	285
32	122	491	292	296
33	131	503	304	307
34	139	519	315	319
35	146	537	326	330
36	158	545	338	342
37	167	554	349	353
38	176	563	361	364
39	184	575	373	375
40	192	593	384	386
41	206	598	396	397
42	217	607	407	409
43	228	617	419	420
44	236	628	430	431
45	244	642	441	443
46	256	652	452	454
47	268	662	464	465
48	279	674	476	476
49	286	687	487	487
50	294	704	499	498
51	309	711	510	509
52	320	719	522	520
53	330	730	533	532
54	338	741	544	543
55	346	758	556	554
56	359	767	567	565
57	373	776	578	576
58	387	786	589	588
59	397	797	600	599
60	407	812	611	610
61	419	817	622	621
62	431	825	633	632
63	444	834	645	644
64	452	847	657	655
65	460	860	668	666
66	474	868	678	678
67	489	876	690	689
68	500	885	702	701
69	511	897	713	712
70	521	910	725	723
71	537	917	737	735
72	552	926	748	746
73	564	934	760	757
74	575	948	771	769
75	585	960	782	780
76	601	967	794	792
77	618	976	807	803
78	633	984	818	814
79	643	996	830	826
80	651	1006	841	837
81	671	1014	852	848
82	686	1021	863	859
83	699	1031	874	870
84	709	1040	885	881
85	720	1052	896	892
86	741	1059	906	904
87	759	1067	916	915
88	775	1075	927	927
89	786	1085	937	938
90	795	1097	949	949
91	824	1104	957	961
92	848	1112	967	972
93	868	1122	976	983
94	887	1131	986	994
95	899	1145	997	1005
96	920	1151	1005	1014
97	932	1159	1013	1024
98	941	1167	1023	1034
99	947	1177	1034	1044
100	952	1187	1045	1053
101	961	1195	1054	1062
102	968	1205	1063	1070
103	974	1215	1072	1079
104	979	1228	1081	1087
105	984	1241	1089	1095
106	991	1249	1098	1104
107	998	1259	1106	1112
108	1003	1266	1116	1121
109	1007	1278	1124	1129
110	1011	1290	1132	1138
111	1021	1299	1141	1146
112	1028	1307	1149	1155
113	1035	1317	1158	1163
114	1039	1329	1167	1172
115	1045	1341	1176	1180
116	1052	1349	1184	1189
117	1059	1356	1192	1197
118	1065	1366	1201	1205
119	1072	1378	1209	1214
120	1078	1391	1218	1222
121	1087	1400	1227	1230
122	1095	1407	1235	1239
123	1101	1417	1243	1247
124	1107	1428	1251	1256
125	1112	1440	1260	1264
126	1120	1447	1268	1272
127	1129	1456	1277	1281
128	1135	1465	1286	1289
129	1141	1473	1294	1297
130	1148	1483	1302	1306
131	1154	1490	1311	1314
132	1164	1499	1319	1323
133	1172	1509	1328	1331
134	1178	1517	1337	1340
135	1182	1528	1346	1348
136	1193	1534	1355	1357
137	1203	1544	1363	1365
138	1210	1553	1371	1374
139	1217	1565	1380	1382
140	1222	1576	1388	1391
141	1231	1584	1397	1399
142	1239	1592	1405	1407
143	1248	1599	1413	1416
144	1255	1608	1422	1424
145	1262	1617	1431	1432
146	1272	1624	1439	1441
147	1280	1631	1447	1449
148	1287	1641	1455	1457
149	1295	1650	1464	1466
150	1300	1660	1472	1474
151	1312	1667	1480	1483
152	1321	1675	1489	1492
153	1330	1684	1498	1500
154	1337	1694	1507	1509
155	1345	1705	1516	1518
156	1354	1714	1524	1526
157	1364	1720	1532	1534
158	1373	1727	1541	1543
159	1381	1738	1548	1551
160	1388	1750	1557	1560
161	1400	1758	1565	1568
162	1409	1763	1574	1576
163	1419	1771	1583	1585
164	1424	1778	1590	1593
165	1430	1788	1599	1602
166	1443	1795	1609	1610
167	1455	1802	1617	1619
168	1465	1809	1626	1627
169	1473	1820	1634	1636
170	1479	1832	1642	1644
171	1491	1839	1650	1653
172	1503	1849	1659	1661
173	1513	1857	1667	1669
174	1521	1866	1675	1678
175	1528	1874	1684	1686
176	1541	1881	1692	1695
177	1552	1889	1700	1703
178	1561	1899	1708	1712
179	1569	1906	1717	1720
180	1575	1913	1726	1729
181	1589	1921	1734	1737
182	1600	1929	1742	1745
183	1611	1938	1750	1753
184	1619	1947	1759	1761
185	1623	1957	1768	1770
186	1639	1966	1777	1779
187	1651	1973	1787	1789
188	1660	1982	1797	1799
189	1670	1992	1806	1809
190	1678	2003	1815	1819
191	1692	2017	1828	1832
192	1706	2030	1840	1846
193	1716	2046	1852	1859
194	1722	2068	1865	1873
195	1727	2096	1876	1887
196	1740	2110	1891	1900
197	1751	2125	1904	1914
198	1759	2146	1918	1928
199	1764	2165	1931	1941
200	1770	2189	1943	1955
201	1784	2202	1957	1969
202	1795	2217	1972	1982
203	1806	2235	1986	1996
204	1814	2248	1999	2009
205	1822	2275	2012	2023
206	1832	2287	2025	2036
207	1843	2303	2040	2050
208	1852	2321	2053	2063
209	1862	2342	2066	2076
210	1867	2368	2079	2090
211	1881	2380	2093	2104
212	1893	2397	2108	2118
213	1903	2411	2122	2132
214	1911	2428	2137	2146
215	1920	2452	2151	2160
216	1936	2463	2166	2174
217	1949	2476	2179	2188
218	1958	2497	2194	2203
219	1967	2512	2209	2217
220	1974	2533	2222	2231
221	1987	2543	2236	2245
222	1998	2558	2249	2258
223	2009	2576	2264	2272
224	2020	2594	2278	2285
225	2027	2614	2291	2299
226	2039	2628	2305	2312
227	2052	2643	2318	2325
228	2061	2659	2331	2338
229	2073	2670	2344	2351
230	2082	2688	2356	2364
231	2097	2698	2371	2377
232	2110	2709	2384	2391
233	2121	2724	2398	2404
234	2131	2743	2411	2418
235	2142	2762	2426	2431
236	2156	2771	2439	2445
237	2168	2783	2452	2458
238	2179	2802	2466	2472
239	2189	2815	2481	2485
240	2201	2829	2494	2499
241	2212	2842	2507	2513
242	2225	2852	2522	2527
243	2239	2865	2537	2540
244	2250	2884	2551	2554
245	2257	2901	2564	2568
246	2269	2912	2578	2582
247	2283	2923	2593	2595
248	2298	2936	2606	2609
249	2308	2953	2619	2622
250	2316	2973	2633	2636
251	2333	2990	2647	2650
252	2346	3005	2662	2663
253	2357	3016	2674	2677
254	2368	3034	2687	2690
255	2377	3052	2701	2703
256	2392	3061	2713	2717
257	2410	3073	2728	2730
258	2421	3084	2742	2744
259	2432	3099	2755	2757
260	2444	3111	2769	2771
261	2458	3123	2781	2785
262	2470	3136	2795	2798
263	2487	3153	2810	2812
264	2497	3172	2824	2826
265	2509	3189	2837	2840
266	2524	3198	2850	2853
267	2538	3211	2863	2867
268	2551	3225	2877	2880
269	2562	3242	2889	2893
270	2575	3261	2902	2907
271	2589	3273	2916	2920
272	2599	3286	2929	2933
273	2612	3299	2943	2947
274	2623	3314	2958	2960
275	2635	3326	2970	2973
276	2649	3340	2984	2987
277	2665	3354	2998	3001
278	2682	3371	3012	3014
279	2692	3384	3025	3028
280	2704	3396	3038	3041
281	2717	3409	3052	3055
282	2729	3420	3065	3069
283	2743	3434	3080	3082
284	2754	3456	3095	3096
285	2765	3470	3109	3110
286	2779	3481	3122	3123
287	2792	3496	3136	3137
288	2803	3511	3149	3150
289	2814	3522	3164	3164
290	2824	3536	3177	3177
291	2843	3548	3191	3191
292	2858	3559	3205	3205
293	2873	3572	3220	3219
294	2885	3586	3234	3233
295	2897	3601	3250	3247
296	2914	3610	3263	3261
297	2929	3620	3276	3274
298	2945	3635	3289	3287
299	2958	3648	3302	3301
300	2968	3666	3316	3314
301	2984	3673	3328	3328
302	2999	3684	3343	3341
303	3011	3697	3357	3354
304	3025	3709	3370	3368
305	3034	3728	3383	3381
306	3051	3738	3397	3395
307	3068	3747	3411	3408
308	3082	3760	3425	3422
309	3095	3777	3439	3436
310	3106	3794	3453	3449
311	3123	3800	3467	3463
312	3139	3810	3481	3477
313	3155	3820	3495	3491
314	3168	3833	3509	3505
315	3179	3847	3523	3519
316	3194	3858	3536	3532
317	3210	3868	3549	3546
318	3224	3878	3563	3559
319	3237	3887	3577	3573
320	3247	3904	3591	3586
321	3266	3913	3604	3600
322	3278	3925	3618	3614
323	3294	3935	3632	3627
324	3306	3946	3645	3641
325	3316	3960	3659	3655
326	3333	3969	3672	3668
327	3348	3982	3686	3681
328	3363	3996	3700	3695
329	3377	4012	3713	3708
330	3390	4030	3727	3721
331	3406	4036	3741	3735
332	3418	4046	3753	3748
333	3432	4057	3767	3761
334	3445	4070	3781	3775
335	3454	4085	3793	3788
336	3476	4094	3807	3802
337	3496	4102	3819	3815
338	3511	4112	3834	3829
339	3528	4126	3848	3843
340	3539	4141	3861	3856
341	3555	4151	3875	3870
342	3566	4160	3891	3884
343	3583	4170	3904	3898
344	3594	4183	3918	3912
345	3606	4199	3933	3925
346	3629	4209	3946	3939
347	3648	4216	3959	3953
348	3664	4229	3973	3967
349	3681	4243	3987	3980
350	3694	4259	4001	3994
351	3714	4267	4014	4008
352	3730	4276	4027	4021
353	3743	4288	4042	4035
354	3754	4301	4056	4049
355	3767	4313	4070	4062
356	3790	4324	4082	4076
357	3807	4334	4094	4089
358	3824	4344	4108	4102
359	3841	4357	4121	4115
360	3856	4370	4135	4129
361	3878	4378	4148	4142
362	3901	4389	4162	4156
363	3920	4398	4175	4170
364	3937	4407	4189	4184
365	3949	4418	4203	4197
366	3971	4427	4216	4211
367	3989	4435	4229	4224
368	4006	4445	4241	4237
369	4018	4456	4255	4251
370	4030	4468	4267	4264
371	4057	4475	4279	4278
372	4083	4481	4291	4291
373	4103	4488	4303	4305
374	4118	4496	4317	4318
375	4133	4508	4331	4331
376	4150	4514	4344	4344
377	4162	4525	4358	4357
378	4172	4544	4371	4370
379	4183	4566	4383	4383
380	4191	4588	4397	4396
381	4207	4602	4409	4409
382	4218	4618	4423	4422
383	4227	4638	4435	4434
384	4235	4664	4447	4447
385	4245	4690	4458	4460
386	4258	4704	4471	4473
387	4270	4720	4484	4486
388	4280	4740	4497	4499
389	4287	4760	4509	4512
390	4294	4783	4521	4525
391	4317	4797	4538	4541
392	4333	4812	4555	4558
393	4348	4829	4571	4574
394	4357	4849	4588	4590
395	4364	4875	4604	4607
396	4383	4888	4620	4623
397	4396	4901	4636	4639
398	4407	4918	4651	4655
399	4416	4941	4668	4671
400	4426	4966	4684	4687
401	4444	4977	4700	4703
402	4461	4989	4718	4719
403	4474	5006	4735	4735
404	4485	5023	4751	4752
405	4493	5043	4766	4768
406	4512	5053	4784	4784
407	4531	5065	4802	4801
408	4545	5080	4819	4818
409	4558	5100	4837	4835
410	4567	5127	4853	4851
411	4585	5133	4871	4868
412	4602	5146	4889	4884
413	4618	5161	4905	4900
414	4631	5176	4922	4916
415	4642	5197	4939	4933
416	4663	5208	4957	4949
417	4677	5219	4973	4966
418	4692	5233	4991	4983
419	4703	5247	5008	4999
420	4713	5266	5027	5016
421	4733	5279	5044	5032
422	4753	5292	5061	5049
423	4769	5309	5079	5066
424	4781	5327	5096	5082
425	4792	5351	5114	5099
426	4813	5359	5130	5116
427	4835	5371	5148	5132
428	4849	5386	5165	5149
429	4864	5401	5182	5165
430	4875	5416	5201	5182
431	4899	5426	5216	5199
432	4918	5437	5232	5215
433	4935	5446	5249	5232
434	4948	5461	5267	5249
435	4962	5476	5284	5265
436	4985	5486	5298	5282
437	5003	5498	5310	5298
438	5017	5509	5323	5315
439	5033	5523	5336	5331
440	5048	5541	5351	5348
441	5063	5550	5362	5359
442	5073	5560	5374	5370
443	5083	5572	5385	5381
444	5090	5587	5397	5393
445	5099	5602	5407	5404
446	5109	5614	5418	5414
447	5118	5626	5428	5425
448	5128	5638	5439	5435
449	5137	5653	5449	5445
450	5142	5668	5458	5455
451	5155	5679	5470	5466
452	5166	5691	5480	5476
453	5176	5704	5491	5486
454	5185	5721	5502	5497
455	5192	5736	5512	5507
456	5204	5744	5523	5518
457	5214	5755	5533	5528
458	5228	5767	5544	5538
459	5239	5783	5554	5549
460	5247	5799	5564	5559
461	5259	5808	5574	5570
462	5269	5820	5585	5580
463	5278	5832	5596	5590
464	5286	5847	5606	5601
465	5292	5862	5616	5611
466	5304	5874	5626	5621
467	5315	5888	5637	5632
468	5326	5900	5647	5642
469	5337	5917	5657	5653
470	5345	5930	5666	5663
471	5355	5938	5676	5673
472	5363	5949	5687	5683
473	5371	5959	5697	5694
474	5381	5971	5707	5704
475	5393	5984	5717	5714
476	5407	5993	5728	5725
477	5420	6004	5739	5735
478	5430	6016	5750	5746
479	5443	6029	5760	5756
480	5455	6044	5770	5767
481	5468	6052	5780	5777
482	5478	6062	5791	5788
483	5486	6073	5801	5798
484	5496	6086	5812	5808
485	5503	6096	5822	5819
486	5516	6109	5833	5830
487	5527	6118	5845	5840
488	5538	6131	5855	5851
489	5547	6144	5865	5862
490	5559	6156	5877	5873
491	5571	6165	5888	5883
492	5580	6175	5898	5893
493	5585	6189	5908	5904
494	5594	6199	5917	5914
495	5605	6213	5928	5924
496	5617	6223	5938	5935
497	5627	6233	5950	5945
498	5638	6245	5961	5956
499	5647	6254	5971	5966
500	5656	6269	5982	5977
501	5667	6276	5992	5987
502	5676	6282	6002	5997
503	5688	6293	6013	6008
504	5699	6304	6022	6018
505	5708	6319	6032	6028
506	5719	6328	6042	6039
507	5730	6339	6054	6049
508	5744	6355	6065	6060
509	5753	6367	6075	6070
510	5759	6379	6086	6081
511	5772	6391	6096	6092
512	5782	6403	6106	6102
513	5794	6411	6117	6113
514	5804	6426	6127	6124
515	5814	6439	6138	6135
516	5826	6449	6148	6145
517	5838	6459	6158	6155
518	5848	6470	6168	6165
519	5857	6479	6177	6176
520	5865	6493	6187	6186
521	5876	6501	6198	6197
522	5888	6512	6209	6207
523	5896	6523	6220	6218
524	5903	6534	6231	6229
525	5910	6547	6242	6240
526	5925	6554	6253	6250
527	5939	6567	6264	6261
528	5950	6579	6275	6271
529	5961	6592	6286	6282
530	5972	6603	6297	6292
531	5986	6613	6307	6303
532	5997	6621	6316	6313
533	6005	6630	6327	6323
534	6014	6638	6337	6334
535	6022	6653	6347	6344
536	6032	6662	6357	6355
537	6043	6670	6367	6365
538	6051	6679	6378	6375
539	6063	6691	6387	6385
540	6071	6702	6398	6396
541	6083	6710	6408	6406
542	6093	6719	6418	6416
543	6106	6729	6429	6427
544	6114	6741	6439	6437
545	6123	6753	6449	6448
546	6134	6759	6459	6458
547	6146	6767	6470	6469
548	6156	6776	6481	6480
549	6165	6788	6493	6490
550	6173	6800	6503	6501
551	6183	6811	6515	6512
552	6200	6821	6527	6522
553	6211	6831	6537	6533
554	6221	6843	6546	6544
555	6228	6855	6557	6554
556	6242	6862	6569	6565
557	6255	6874	6579	6575
558	6266	6885	6590	6586
559	6277	6896	6600	6596
560	6288	6907	6611	6607
561	6301	6915	6622	6617
562	6311	6922	6632	6628
563	6320	6931	6642	6638
564	6330	6945	6652	6649
565	6337	6957	6662	6659
566	6354	6964	6672	6670
567	6365	6972	6684	6680
568	6379	6986	6694	6691
569	6389	6998	6704	6701
570	6397	7008	6715	6712
571	6411	7017	6726	6722
572	6424	7026	6737	6733
573	6434	7035	6746	6743
574	6443	7043	6757	6753
575	6454	7058	6767	6763
576	6466	7065	6777	6774
577	6481	7071	6787	6784
578	6489	7082	6798	6795
579	6499	7093	6807	6805
580	6508	7107	6818	6815
581	6520	7114	6828	6826
582	6532	7122	6838	6836
583	6542	7132	6849	6846
584	6554	7140	6859	6857
585	6563	7153	6870	6867
586	6576	7161	6880	6878
587	6589	7171	6890	6888
588	6600	7180	6901	6899
589	6607	7193	6912	6909
590	6618	7201	6923	6920
591	6631	7209	6933	6930
592	6643	7218	6944	6941
593	6659	7227	6953	6951
594	6667	7235	6964	6962
595	6677	7244	6976	6972
596	6688	7253	6987	6983
597	6701	7261	6997	6993
598	6712	7269	7007	7004
599	6721	7279	7017	7014
600	6731	7290	7027	7024
601	6748	7299	7038	7035
602	6761	7307	7048	7045
603	6771	7315	7058	7055
604	6780	7326	7069	7066
605	6792	7336	7080	7076
606	6806	7341	7090	7087
607	6819	7351	7101	7097
608	6831	7360	7111	7108
609	6841	7373	7122	7119
610	6849	7383	7132	7129
611	6867	7389	7142	7140
612	6879	7398	7154	7150
613	6890	7406	7165	7161
614	6898	7418	7176	7171
615	6909	7428	7186	7182
616	6921	7434	7197	7192
617	6938	7443	7209	7203
618	6953	7452	7218	7214
619	6964	7461	7229	7225
620	6975	7471	7240	7235
621	6987	7479	7250	7246
622	7001	7487	7261	7257
623	7013	7495	7271	7268
624	7026	7506	7282	7278
625	7037	7517	7293	7289
626	7048	7524	7304	7300
627	7063	7531	7314	7310
628	7076	7541	7324	7320
629	7086	7551	7335	7331
630	7093	7564	7345	7341
631	7111	7570	7355	7351
632	7124	7577	7365	7362
633	7134	7585	7375	7372
634	7145	7596	7387	7382
635	7156	7604	7397	7392
636	7172	7611	7407	7403
637	7187	7617	7417	7413
638	7202	7624	7427	7424
639	7213	7632	7437	7434
640	7223	7643	7447	7445
641	7239	7650	7457	7456
642	7253	7657	7468	7466
643	7266	7665	7478	7476
644	7278	7675	7489	7487
645	7288	7685	7499	7497
646	7306	7691	7509	7508
647	7322	7699	7519	7518
648	7338	7709	7530	7529
649	7351	7718	7541	7539
650	7360	7727	7552	7550
651	7376	7734	7561	7560
652	7392	7742	7572	7571
653	7406	7750	7583	7582
654	7420	7760	7594	7592
655	7430	7771	7604	7603
656	7454	7777	7613	7613
657	7475	7784	7623	7624
658	7491	7793	7632	7634
659	7504	7802	7643	7645
660	7514	7813	7653	7655
661	7537	7818	7663	7665
662	7555	7823	7672	7676
663	7571	7829	7680	7686
664	7581	7837	7691	7696
